   20.5133438772   18.8391036004    6.0878980669    3.8278637784    0.0074103014
   20.1196049702   17.7738152445    6.1142546524    3.7018264487    0.0080683754
   20.1275151763   17.7793874086    6.1178659937    3.7025580961    0.0080078324
   20.1334640964   17.7844975099    6.1193852995    3.7032189390    0.0079762267
   20.1389558449   17.7892207717    6.1207685986    3.7038196241    0.0079472930
   20.1439984601   17.7935290179    6.1220646630    3.7043577655    0.0079204427
   20.1486405638   17.7974771987    6.1232750413    3.7048458258    0.0078955399
   20.1529442140   17.8011306214    6.1244036658    3.7052953455    0.0078723904
   20.1569314102   17.8045084395    6.1254567537    3.7057096070    0.0078508679
   20.1606379839   17.8076458279    6.1264389600    3.7060941912    0.0078308325
   20.1640900080   17.8105668619    6.1273548540    3.7064522720    0.0078121681
   20.1673095444   17.8132913246    6.1282088764    3.7067862716    0.0077947700
   20.1703096192   17.8158296571    6.1290051858    3.7070974655    0.0077785585
   20.1731087477   17.8181980938    6.1297479898    3.7073878424    0.0077634402
   20.1757242979   17.8204124425    6.1304404829    3.7076593381    0.0077493365
   20.1781635921   17.8224778196    6.1310859467    3.7079125771    0.0077361917
   20.1804458539   17.8244123549    6.1316870911    3.7081497808    0.0077239286
   20.1825754574   17.8262178790    6.1322476207    3.7083711742    0.0077124931
   20.1845667951   17.8279077726    6.1327696026    3.7085783935    0.0077018280
   20.1864296636   17.8294903767    6.1332555941    3.7087724612    0.0076918802
   20.1881723544   17.8309733099    6.1337070986    3.7089543112    0.0076826122
   20.1898051158   17.8323656602    6.1341264584    3.7091250598    0.0076739719
   20.1913370759   17.8336750931    6.1345158760    3.7092856417    0.0076659138
   20.1927662589   17.8348993135    6.1348757212    3.7094357765    0.0076584374
   20.1941036204   17.8360476277    6.1352088911    3.7095766052    0.0076514833
   20.1953565791   17.8371263398    6.1355173146    3.7097089002    0.0076450118
   20.1965311920   17.8381415509    6.1358013124    3.7098334094    0.0076390050
   20.1976311933   17.8390961490    6.1360622568    3.7099504869    0.0076334381
   20.1986615294   17.8399943207    6.1363014535    3.7100606455    0.0076282843
   20.1996256877   17.8408390987    6.1365197081    3.7101642570    0.0076235262
   20.2005297546   17.8416359747    6.1367181971    3.7102619945    0.0076191359
   20.2013753181   17.8423861181    6.1368975785    3.7103540015    0.0076151020
   20.2021689513   17.8430958400    6.1370586154    3.7104410517    0.0076114004
   20.2029128837   17.8437670483    6.1372018746    3.7105233790    0.0076080191
   20.2036115739   17.8444040968    6.1373277868    3.7106015172    0.0076049429
   20.2042686573   17.8450105170    6.1374367241    3.7106758994    0.0076021588
   20.2048895713   17.8455919232    6.1375288179    3.7107472141    0.0075996526
   20.2054771539   17.8461514936    6.1376038138    3.7108158511    0.0075974206
   20.2060374468   17.8466957139    6.1376615347    3.7108826058    0.0075954506
   20.2065762198   17.8472311650    6.1377013101    3.7109482854    0.0075937368
   20.2070980357   17.8477634876    6.1377220446    3.7110135819    0.0075922811
   20.2107926451   17.8504562279    6.1392647747    3.7113439115    0.0075659625
