   20.5133438772   18.8391036004    6.0878980669    3.8278637784    0.0074103014
   20.1195828548   17.7737907201    6.1142560679    3.7018232172    0.0080684111
   20.1274954145   17.7793641000    6.1178691048    3.7025550637    0.0080078428
   20.1334400199   17.7844688526    6.1193895206    3.7032152917    0.0079762343
   20.1389367727   17.7891963643    6.1207741584    3.7038165312    0.0079472734
   20.1439778757   17.7935023173    6.1220711671    3.7043544175    0.0079204157
   20.1486195667   17.7974490535    6.1232829015    3.7048423336    0.0078954982
   20.1529226049   17.8011006900    6.1244130124    3.7052916385    0.0078723330
   20.1569085647   17.8044758090    6.1254679331    3.7057055894    0.0078507923
   20.1606151712   17.8076119995    6.1264517514    3.7060900374    0.0078307382
   20.1640666810   17.8105311332    6.1273694218    3.7064478890    0.0078120545
   20.1672827338   17.8132502707    6.1282255888    3.7067812362    0.0077946400
   20.1702814294   17.8157851999    6.1290244448    3.7070920122    0.0077784023
   20.1730795645   17.8181506163    6.1297698243    3.7073820179    0.0077632567
   20.1756898975   17.8203571945    6.1304652712    3.7076525599    0.0077491313
   20.1781287267   17.8224194377    6.1311141873    3.7079054141    0.0077359478
   20.1804050875   17.8243446518    6.1317194118    3.7081414747    0.0077236515
   20.1825323748   17.8261445460    6.1322840133    3.7083621759    0.0077121749
   20.1845210828   17.8278282170    6.1328104959    3.7085686318    0.0077014641
   20.1863794901   17.8294025952    6.1333011540    3.7087616911    0.0076914728
   20.1881171333   17.8308758160    6.1337584326    3.7089423504    0.0076821501
   20.1897419523   17.8322547237    6.1341842764    3.7091114480    0.0076734545
   20.1912612360   17.8335453287    6.1345808234    3.7092697204    0.0076653442
   20.1926831112   17.8347548997    6.1349497219    3.7094180583    0.0076577808
   20.1940124766   17.8358872525    6.1352926987    3.7095569291    0.0076507327
   20.1952547259   17.8369468101    6.1356113690    3.7096868746    0.0076441686
   20.1964167562   17.8379397078    6.1359071831    3.7098086547    0.0076380555
   20.1975074967   17.8388744256    6.1361812937    3.7099232936    0.0076323590
   20.1985081000   17.8397296338    6.1364356924    3.7100281822    0.0076271001
   20.1994644901   17.8405519886    6.1366724616    3.7101290582    0.0076221476
   20.2003458305   17.8413108474    6.1368892931    3.7102221325    0.0076175999
   20.2011670614   17.8420186423    6.1370904381    3.7103089451    0.0076133730
   20.2019311443   17.8426782185    6.1372762420    3.7103898439    0.0076094561
   20.2026424109   17.8432932378    6.1374478589    3.7104652789    0.0076058257
   20.2033040021   17.8438665067    6.1376059298    3.7105355936    0.0076024670
   20.2039125162   17.8443934407    6.1377517630    3.7106002256    0.0075993729
   20.2044819089   17.8448878950    6.1378864106    3.7106608742    0.0075964987
   20.2050154814   17.8453538121    6.1380092576    3.7107180231    0.0075938436
   20.2055020635   17.8457783570    6.1381217243    3.7107700976    0.0075914176
   20.2059511724   17.8461703685    6.1382253206    3.7108181817    0.0075891809
   20.2063852361   17.8465539876    6.1383192948    3.7108652367    0.0075870898
   20.2067337169   17.8468516377    6.1384081512    3.7109017475    0.0075852571
   20.2071197154   17.8471973973    6.1384857254    3.7109441589    0.0075834666
   20.2074181542   17.8474534326    6.1385603577    3.7109755654    0.0075819140
   20.2077364470   17.8477385189    6.1386243562    3.7110105348    0.0075804373
   20.2079932517   17.8479599021    6.1386871957    3.7110376909    0.0075791173
   20.2082641885   17.8482034730    6.1387405059    3.7110675679    0.0075778737
   20.2084752079   17.8483848685    6.1387928181    3.7110898246    0.0075767813
   20.2087074754   17.8485946288    6.1388372745    3.7111155455    0.0075757296
   20.2088858645   17.8487491050    6.1388800277    3.7111344947    0.0075748230
   20.2090769028   17.8489218923    6.1389162635    3.7111556895    0.0075739618
   20.2092348819   17.8490606752    6.1389515568    3.7111727137    0.0075731884
   20.2093882006   17.8491994197    6.1389805414    3.7111897327    0.0075724984
   20.2095107138   17.8493058694    6.1390094361    3.7112027907    0.0075718812
   20.2096348625   17.8494168716    6.1390346557    3.7112164120    0.0075713023
   20.2097414835   17.8495106420    6.1390583383    3.7112279142    0.0075707820
   20.2098503593   17.8496089633    6.1390791877    3.7112399748    0.0075702889
   20.2099401531   17.8496885034    6.1390983953    3.7112497322    0.0075698592
   20.2100265562   17.8497666908    6.1391147336    3.7112593231    0.0075694703
   20.2100960644   17.8498275786    6.1391304877    3.7112667920    0.0075691275
   20.2101729585   17.8498980295    6.1391439023    3.7112754339    0.0075687943
   20.2102307031   17.8499488373    6.1391566984    3.7112816668    0.0075685129
   20.2102879020   17.8500011104    6.1391668317    3.7112880631    0.0075682632
   20.2103333269   17.8500405857    6.1391775369    3.7112929056    0.0075680345
   20.2103829498   17.8500860368    6.1391862118    3.7112984810    0.0075678193
   20.2104261022   17.8501252379    6.1391941756    3.7113032896    0.0075676273
   20.2104637445   17.8501593442    6.1392012379    3.7113074734    0.0075674585
   20.2104942630   17.8501862876    6.1392078823    3.7113107785    0.0075673111
   20.2105258110   17.8502150742    6.1392135391    3.7113143097    0.0075671727
   20.2105529953   17.8502398052    6.1392185095    3.7113173434    0.0075670523
   20.2105808372   17.8502657216    6.1392228386    3.7113205226    0.0075669377
   20.2106013191   17.8502840324    6.1392270019    3.7113227687    0.0075668422
   20.2106229415   17.8503042775    6.1392302107    3.7113252521    0.0075667550
   20.2106388835   17.8503186145    6.1392333411    3.7113270108    0.0075666819
   20.2106564485   17.8503351991    6.1392357683    3.7113290451    0.0075666131
   20.2106731312   17.8503511487    6.1392378166    3.7113310016    0.0075665507
   20.2106838108   17.8503608428    6.1392397974    3.7113321908    0.0075665031
   20.2106970683   17.8503737765    6.1392410896    3.7113337774    0.0075664573
   20.2107092178   17.8503855118    6.1392424263    3.7113352169    0.0075664137
   20.2107202034   17.8503965696    6.1392430555    3.7113365734    0.0075663808
   20.2107304049   17.8504069524    6.1392434916    3.7113378470    0.0075663520
   20.2107926451   17.8504562279    6.1392647747    3.7113439115    0.0075659625
