   20.5133438772   18.8391036004    6.0878980669    3.8278637784    0.0074103014
   20.1211445331   17.7755311746    6.1141560615    3.7020620781    0.0080658920
   20.1288207128   17.7809281166    6.1176648880    3.7027632502    0.0080070957
   20.1348064313   17.7861111120    6.1191296320    3.7034242229    0.0079760362
   20.1401596997   17.7907272070    6.1204526037    3.7040026251    0.0079481268
   20.1452015627   17.7950922938    6.1216741924    3.7045478275    0.0079221381
   20.1498914063   17.7991542384    6.1228020629    3.7050497272    0.0078980753
   20.1542109162   17.8028905349    6.1238434527    3.7055083400    0.0078758957
   20.1582426803   17.8063893246    6.1248000956    3.7059372008    0.0078553807
   20.1620139395   17.8096776364    6.1256747142    3.7063402984    0.0078364332
   20.1655497358   17.8127788481    6.1264711317    3.7067204806    0.0078189482
   20.1688720427   17.8157140480    6.1271919160    3.7070803285    0.0078028430
   20.1720007057   17.8185025658    6.1278390473    3.7074222093    0.0077880466
   20.1749555121   17.8211641663    6.1284138898    3.7077485442    0.0077744955
   20.1777558629   17.8237188220    6.1289169905    3.7080617804    0.0077621365
   20.1804212540   17.8261871366    6.1293481787    3.7083644416    0.0077509252
   20.1829707757   17.8285902296    6.1297061246    3.7086591169    0.0077408310
   20.1854275996   17.8309542185    6.1299885767    3.7089490093    0.0077318243
   20.1878137690   17.8333052431    6.1301916886    3.7092373220    0.0077238971
   20.1901590912   17.8356790037    6.1303098520    3.7095284341    0.0077170430
   20.1924531013   17.8380688846    6.1303374434    3.7098215350    0.0077113501
   20.2107926451   17.8504562279    6.1392647747    3.7113439115    0.0075659625
