   20.5133438772   18.8391036004    6.0878980669    3.8278637784    0.0074103014
   19.6497930259   18.1315580315    5.7912860673    3.7329050301    0.0040200588
   19.5780011131   18.0729628516    5.7652802983    3.7240176652    0.0044810472
   19.5237393889   18.0202479073    5.7551237276    3.7160773352    0.0047301776
   19.4744939864   17.9722815874    5.7461241581    3.7089171599    0.0049550725
   19.4295767904   17.9285931239    5.7379178906    3.7024555536    0.0051611138
   19.3885822874   17.8887624858    5.7304439360    3.6966196300    0.0053497965
   19.3511527561   17.8524188307    5.7236516709    3.6913449533    0.0055223762
   19.3169634248   17.8192260550    5.7174955013    3.6865734698    0.0056800267
   19.2857149568   17.7888730079    5.7119346474    3.6822521072    0.0058238346
   19.2571332518   17.7610747467    5.7069327475    3.6783327592    0.0059547958
   19.2309679625   17.7355709700    5.7024577038    3.6747719297    0.0060738159
   19.2069873944   17.7121197457    5.6984817396    3.6715297890    0.0061817221
   19.1849746793   17.6904930895    5.6949815200    3.6685694485    0.0062792676
   19.1647267561   17.6704751815    5.6919382644    3.6658566997    0.0063671337
   19.1460516427   17.6518600396    5.6893379859    3.6633595337    0.0064459236
   19.1287630199   17.6344436847    5.6871722509    3.6610470530    0.0065161739
   19.1127087879   17.6180578502    5.6854364882    3.6588935893    0.0065782914
   19.0976403183   17.6024127258    5.6841417777    3.6568564864    0.0066327603
   19.0833947912   17.5873201029    5.6832978248    3.6549115495    0.0066798573
   19.0697903221   17.5725559430    5.6829301528    3.6530281718    0.0067197262
   18.9770141173   17.5021520823    5.6450069885    3.6443422292    0.0074094669
