   20.5133438772   18.8391036004    6.0878980669    3.8278637784    0.0074103014
   19.6636257268   18.1500442134    5.7902892346    3.7376906317    0.0039955312
   19.5906038358   18.0901530719    5.7639138360    3.7283547240    0.0044632478
   19.5355113278   18.0364675835    5.7535376880    3.7200436019    0.0047169262
   19.4855560120   17.9877094813    5.7442954042    3.7125609110    0.0049463607
   19.4400370987   17.9433995534    5.7358135009    3.7058216604    0.0051570734
   19.3985544470   17.9031264994    5.7280270145    3.6997518673    0.0053505642
   19.3607434235   17.8665121835    5.7208815033    3.6942840701    0.0055281704
   19.3262845110   17.8332274238    5.7143268130    3.6893591894    0.0056911019
   19.2948780754   17.8029639064    5.7083164587    3.6849225930    0.0058405087
   19.2662556207   17.7754467644    5.7028077143    3.6809257495    0.0059774440
   19.2401718786   17.7504261029    5.6977607623    3.6773249153    0.0061028911
   19.2164041787   17.7276761244    5.6931387304    3.6740808579    0.0062177603
   19.1947467303   17.7069887009    5.6889075928    3.6711579075    0.0063229017
   19.1750128982   17.6881756897    5.6850360317    3.6685240989    0.0064190995
   19.1570335278   17.6710675577    5.6814951889    3.6661508712    0.0065070736
   19.1406524689   17.6555081640    5.6782581846    3.6640123004    0.0065874993
   19.1257281890   17.6413569262    5.6753001370    3.6620853780    0.0066609976
   19.1121321588   17.6284860124    5.6725986869    3.6603492236    0.0067281336
   19.0997447327   17.6167769391    5.6701328361    3.6587849167    0.0067894398
   19.0885308472   17.6062081439    5.6678785081    3.6573860763    0.0068452639
   19.0782670125   17.5965289076    5.6658299772    3.6561125380    0.0068962465
   19.0688934301   17.5876938882    5.6639647940    3.6549605087    0.0069427899
   19.0603570383   17.5796569345    5.6622670797    3.6539234128    0.0069852073
   19.0525730405   17.5723335361    5.6607240159    3.6529888689    0.0070238613
   19.0454826343   17.5656687652    5.6593223495    3.6521487358    0.0070590527
   19.0390877684   17.5596765363    5.6580461086    3.6514032527    0.0070909585
   19.0332701883   17.5542225068    5.6568929367    3.6507289133    0.0071199095
   19.0279757260   17.5492532258    5.6558530963    3.6501173169    0.0071461604
   19.0231590069   17.5447250254    5.6549175386    3.6495617426    0.0071699331
   19.0187627650   17.5405781990    5.6540803770    3.6490532469    0.0071914450
   19.0147435245   17.5367703922    5.6533346218    3.6485863533    0.0072108909
   19.0110660375   17.5332677333    5.6526742906    3.6481569013    0.0072284319
   19.0076968263   17.5300376832    5.6520941439    3.6477608952    0.0072442167
   19.0046061095   17.5270509906    5.6515898774    3.6473947436    0.0072583731
   19.0017635394   17.5242771334    5.6511579483    3.6470547007    0.0072710222
   18.9991414081   17.5216875992    5.6507958905    3.6467372678    0.0072822655
   18.9967122785   17.5192534078    5.6505021473    3.6464388896    0.0072921932
   18.9944495362   17.5169455414    5.6502762804    3.6461560073    0.0073008805
   18.9923238620   17.5147308041    5.6501192648    3.6458845502    0.0073083931
   18.9903201623   17.5125908810    5.6500330643    3.6456222724    0.0073147474
   18.9770141173   17.5021520823    5.6450069885    3.6443422292    0.0074094669
