   20.5133438772   18.8391036004    6.0878980669    3.8278637784    0.0074103014
   18.9234117784   17.5494760263    6.0466354797    3.8845407802    0.0064028907
   18.8743315704   17.5089051804    6.0270616397    3.8771128652    0.0067414863
   18.8372181351   17.4720228174    6.0194504113    3.8704487272    0.0069288775
   18.8031062752   17.4380880149    6.0125945635    3.8644084129    0.0071003817
   18.7716210109   17.4068493833    6.0062601627    3.8589305011    0.0072592849
   18.7425576145   17.3780769560    6.0004199035    3.8539593914    0.0074063587
   18.7157233040   17.3515525222    5.9950520442    3.8494437657    0.0075423012
   18.6909366503   17.3270711689    5.9901367633    3.8453365733    0.0076677735
   18.6680290548   17.3044428804    5.9856562067    3.8415950319    0.0077833905
   18.6468398906   17.2834868550    5.9815946567    3.8381796405    0.0078897333
   18.6272197537   17.2640345460    5.9779387800    3.8350543872    0.0079873338
   18.6090276859   17.2459266468    5.9746777486    3.8321861555    0.0080766792
   18.5921281959   17.2290086436    5.9718036965    3.8295439292    0.0081582201
   18.5763933015   17.2131333946    5.9693118503    3.8270989994    0.0082323552
   18.5616953021   17.1981515197    5.9672013929    3.8248234898    0.0082994503
   18.5479102056   17.1839155166    5.9654758680    3.8226908163    0.0083598158
   18.5349102551   17.1702701828    5.9641441203    3.8206742537    0.0084137220
   18.5225808419   17.1570718574    5.9632200055    3.8187494657    0.0084613480
   18.5107402715   17.1440888813    5.9627321290    3.8168791512    0.0085029258
   18.4992609003   17.1311520067    5.9627116856    3.8150384910    0.0085384906
   18.4114863329   17.0683448913    5.9190898180    3.8064388998    0.0092699065
