   20.5133438772   18.8391036004    6.0878980669    3.8278637784    0.0074103014
   18.9509379721   17.5880706538    6.0441708101    3.8962068876    0.0063435702
   18.8991429660   17.5439841588    6.0243474606    3.8875100214    0.0066921847
   18.8597093557   17.5039619445    6.0166269859    3.8797206160    0.0068877578
   18.8235675073   17.4673444380    6.0096012849    3.8727061101    0.0070671981
   18.7904097468   17.4339550641    6.0030265807    3.8664048383    0.0072336708
   18.7598918564   17.4033782804    5.9968910008    3.8607189908    0.0073882275
   18.7318102831   17.3753817842    5.9911675260    3.8555889649    0.0075316550
   18.7059758755   17.3497494402    5.9858326249    3.8509602793    0.0076646766
   18.6822116635   17.3262806706    5.9808637055    3.8467832901    0.0077879826
   18.6603538339   17.3047913771    5.9762390282    3.8430131019    0.0079022265
   18.6402500750   17.2851117914    5.9719377776    3.8396090563    0.0080080276
   18.6217597203   17.2670863848    5.9679400818    3.8365345064    0.0081059694
   18.6047527296   17.2505725284    5.9642270119    3.8337564293    0.0081966010
   18.5891089632   17.2354394491    5.9607806116    3.8312450915    0.0082804383
   18.5747175622   17.2215673857    5.9575838924    3.8289737558    0.0083579647
   18.5614770378   17.2088475149    5.9546207908    3.8269185072    0.0084296308
   18.5492933779   17.1971797501    5.9518761460    3.8250578038    0.0084958595
   18.5380800197   17.1864725090    5.9493357837    3.8233722998    0.0085570442
   18.5277579468   17.1766428470    5.9469863264    3.8218447797    0.0086135503
   18.5182543503   17.1676148150    5.9448152596    3.8204597922    0.0086657183
   18.5095021724   17.1593188913    5.9428108886    3.8192034916    0.0087138647
   18.5014398915   17.1516916845    5.9409623174    3.8180635123    0.0087582827
   18.4940881486   17.1447677129    5.9392526236    3.8170414009    0.0087990730
   18.4872683084   17.1383334895    5.9376876321    3.8160989630    0.0088367254
   18.4809539496   17.1323730864    5.9362523553    3.8152357287    0.0088714712
   18.4751291476   17.1268777304    5.9349360374    3.8144508011    0.0089034659
   18.4697537355   17.1218064390    5.9337319866    3.8137370245    0.0089328996
   18.4648398609   17.1171809768    5.9326291178    3.8130961191    0.0089598452
   18.4603425503   17.1129484231    5.9316249861    3.8125157196    0.0089844652
   18.4561985938   17.1090355702    5.9307178651    3.8119816606    0.0090069725
   18.4523650881   17.1053961270    5.9299037477    3.8114860309    0.0090275408
   18.4488186857   17.1020074268    5.9291778191    3.8110252834    0.0090462912
   18.4455251802   17.0988323441    5.9285376836    3.8105936030    0.0090633540
   18.4424608067   17.0958466390    5.9279803449    3.8101876901    0.0090788335
   18.4396026847   17.0930261978    5.9275038543    3.8098042626    0.0090928202
   18.4369281383   17.0903463182    5.9271072666    3.8094399598    0.0091053939
   18.4344145651   17.0877815331    5.9267906669    3.8090913174    0.0091166233
   18.4320372544   17.0853028501    5.9265555490    3.8087543928    0.0091265692
   18.4298129862   17.0829295678    5.9264014113    3.8084318071    0.0091351829
   18.4276808366   17.0805817703    5.9263386307    3.8081092337    0.0091425456
   18.4114863329   17.0683448913    5.9190898180    3.8064388998    0.0092699065
