   20.5133438772   18.8391036004    6.0878980669    3.8278637784    0.0074103014
   20.1208969288   17.7752361538    6.1141719138    3.7020002119    0.0080662913
   20.1287348425   17.7808143815    6.1176753730    3.7027318919    0.0080071765
   20.1346588195   17.7859469784    6.1191311640    3.7033951573    0.0079763651
   20.1401466722   17.7907180730    6.1204469465    3.7040015417    0.0079482217
   20.1451957166   17.7950898650    6.1216693203    3.7045474531    0.0079222080
   20.1498684039   17.7991320981    6.1227992545    3.7050469216    0.0078981622
   20.1541958314   17.8028762088    6.1238415083    3.7055065668    0.0078759533
   20.1582290496   17.8063764126    6.1247983211    3.7059356156    0.0078554329
   20.1620029982   17.8096672825    6.1256732841    3.7063390266    0.0078364751
   20.1655406829   17.8127703150    6.1264698974    3.7067194316    0.0078189835
   20.1688640622   17.8157064946    6.1271908630    3.7070793995    0.0078028737
   20.1719939673   17.8184961763    6.1278381756    3.7074214229    0.0077880723
   20.1749494677   17.8211583752    6.1284131750    3.7077478309    0.0077745178
   20.1777507136   17.8237138005    6.1289164793    3.7080611610    0.0077621545
   20.1804171279   17.8261831690    6.1293476999    3.7083639516    0.0077509404
   20.1829676725   17.8285872810    6.1297057227    3.7086587521    0.0077408428
   20.1854241836   17.8309508734    6.1299882523    3.7089485952    0.0077318361
   20.1878112788   17.8333027702    6.1301914960    3.7092370151    0.0077239052
   20.1901572610   17.8356772069    6.1303096808    3.7095282102    0.0077170492
   20.1924514657   17.8380672714    6.1303373001    3.7098213336    0.0077113556
   20.2107926451   17.8504562279    6.1392647747    3.7113439115    0.0075659625
