   20.5133438772   18.8391036004    6.0878980669    3.8278637784    0.0074103014
   20.1195929724   17.7737964905    6.1142554084    3.7018177681    0.0080683945
   20.1275089777   17.7793766388    6.1178652265    3.7025511944    0.0080078554
   20.1334176931   17.7844465855    6.1193829448    3.7032080962    0.0079763626
   20.1389364806   17.7891965381    6.1207695431    3.7038129857    0.0079473271
   20.1440270354   17.7935599916    6.1220604988    3.7043589110    0.0079204233
   20.1486039432   17.7974417144    6.1232690725    3.7048396237    0.0078956948
   20.1528996720   17.8010823816    6.1244042318    3.7052881670    0.0078724877
   20.1569172843   17.8044916946    6.1254589225    3.7057072295    0.0078508758
   20.1606430894   17.8076516878    6.1264382609    3.7060948675    0.0078308287
   20.1640810447   17.8105591990    6.1273525438    3.7064512909    0.0078122157
   20.1673008437   17.8132825682    6.1282083308    3.7067851559    0.0077947967
   20.1703133617   17.8158348638    6.1290034559    3.7070981031    0.0077785701
   20.1730949777   17.8181844773    6.1297468930    3.7073861737    0.0077634851
   20.1757137561   17.8204006205    6.1304414679    3.7076578893    0.0077493498
   20.1781667153   17.8224805323    6.1310867265    3.7079129106    0.0077361752
   20.1804456670   17.8244123241    6.1316869226    3.7081497779    0.0077239308
   20.1825829164   17.8262262910    6.1322468058    3.7083722048    0.0077124854
   20.1845600938   17.8279026030    6.1327671992    3.7085777605    0.0077018712
   20.1864282809   17.8294895519    6.1332548778    3.7087723613    0.0076918912
   20.1881696295   17.8309708420    6.1337066853    3.7089540098    0.0076826229
   20.1898023638   17.8323627433    6.1341264652    3.7091247016    0.0076739785
   20.1913357615   17.8336735828    6.1345160340    3.7092854565    0.0076659152
   20.1927677692   17.8349010164    6.1348755893    3.7094359855    0.0076584353
   20.1941025652   17.8360465730    6.1352088199    3.7095764757    0.0076514866
   20.1953481736   17.8371171963    6.1355176139    3.7097077776    0.0076450285
   20.1965346015   17.8381446941    6.1358018931    3.7098337953    0.0076389903
   20.1976308624   17.8390957226    6.1360623607    3.7099504346    0.0076334376
   20.1986599678   17.8399925270    6.1363016136    3.7100604252    0.0076282863
   20.1996226088   17.8408353506    6.1365203596    3.7101637972    0.0076235259
   20.2005331572   17.8416386955    6.1367193129    3.7102623285    0.0076191151
   20.2013769011   17.8423875515    6.1368978826    3.7103541774    0.0076150948
   20.2021700968   17.8430968576    6.1370588600    3.7104411766    0.0076113949
   20.2029136641   17.8437677234    6.1372020654    3.7105234618    0.0076080151
   20.2036124325   17.8444048626    6.1373279645    3.7106016111    0.0076049388
   20.2042693061   17.8450110936    6.1374368617    3.7106759701    0.0076021557
   20.2048894420   17.8455916757    6.1375289602    3.7107471837    0.0075996513
   20.2054782969   17.8461525282    6.1376040308    3.7108159780    0.0075974154
   20.2060375432   17.8466957976    6.1376615581    3.7108826161    0.0075954501
   20.2065761851   17.8472310127    6.1377014600    3.7109482668    0.0075937351
   20.2070983769   17.8477637503    6.1377221693    3.7110136141    0.0075922788
   20.2107926451   17.8504562279    6.1392647747    3.7113439115    0.0075659625
