   20.5133438772   18.8391036004    6.0878980669    3.8278637784    0.0074103014
   20.5157049180   18.2124577402    6.0877327106    3.7540701628    0.0074062093
   20.5065091276   18.2051719056    6.0846722732    3.7531673299    0.0074624118
   20.4998338160   18.1989640231    6.0835709207    3.7524001655    0.0074910656
   20.4940738105   18.1935885786    6.0826447193    3.7517368881    0.0075155402
   20.4890518484   18.1888992672    6.0818406157    3.7511583507    0.0075368508
   20.4846623539   18.1847969224    6.0811423333    3.7506522616    0.0075554348
   20.4808227236   18.1812040732    6.0805369816    3.7502090529    0.0075716367
   20.4774633440   18.1780559972    6.0800130458    3.7498207311    0.0075857538
   20.4745250423   18.1752978752    6.0795605069    3.7494805265    0.0075980419
   20.4719582229   18.1728840934    6.0791705508    3.7491828070    0.0076087201
   20.4697187892   18.1707741494    6.0788352886    3.7489225724    0.0076179838
   20.4677687329   18.1689332001    6.0785478352    3.7486955218    0.0076260026
   20.4660771223   18.1673334938    6.0783018470    3.7484982299    0.0076329228
   20.4646126672   18.1659464296    6.0780915610    3.7483271670    0.0076388852
   20.4633508745   18.1647499211    6.0779120987    3.7481796077    0.0076440040
   20.4622696436   18.1637242957    6.0777587378    3.7480531249    0.0076483862
   20.4613489976   18.1628517366    6.0776272579    3.7479455202    0.0076521275
   20.4605718381   18.1621172171    6.0775137776    3.7478549397    0.0076553133
   20.4599241870   18.1615088076    6.0774146879    3.7477799118    0.0076580177
   20.4593946180   18.1610173154    6.0773263562    3.7477193025    0.0076603092
   20.4582971658   18.1591474383    6.0781830058    3.7474887394    0.0076536707
