   20.5133438772   18.8391036004    6.0878980669    3.8278637784    0.0074103014
   20.5156493699   18.2124003966    6.0877366231    3.7540688005    0.0074063060
   20.5064266745   18.2050702161    6.0846909577    3.7531564757    0.0074624147
   20.4997366805   18.1988399830    6.0835962557    3.7523851413    0.0074910325
   20.4939728187   18.1934549928    6.0826763961    3.7517204098    0.0075154475
   20.4889501528   18.1887594139    6.0818790381    3.7511410975    0.0075366860
   20.4845595559   18.1846497223    6.0811882807    3.7506341029    0.0075551906
   20.4807175277   18.1810476511    6.0805910706    3.7501897577    0.0075713093
   20.4773536957   18.1778874535    6.0800761509    3.7497999417    0.0075853388
   20.4744103465   18.1751157035    6.0796336907    3.7494580571    0.0075975292
   20.4718364151   18.1726852216    6.0792548834    3.7491582786    0.0076081030
   20.4695891395   18.1705566629    6.0789321573    3.7488957490    0.0076172489
   20.4676290066   18.1686936122    6.0786585906    3.7486659734    0.0076251408
   20.4659233378   18.1670660707    6.0784283169    3.7484652492    0.0076319239
   20.4644436309   18.1656480739    6.0782359754    3.7482903723    0.0076377277
   20.4631647693   18.1644169445    6.0780765959    3.7481385443    0.0076426692
   20.4620586192   18.1633460941    6.0779460612    3.7480064849    0.0076468635
   20.4611142280   18.1624267835    6.0778407996    3.7478931154    0.0076503769
   20.4603036388   18.1616324229    6.0777569283    3.7477951561    0.0076533218
   20.4596199692   18.1609578583    6.0776917912    3.7477119708    0.0076557443
   20.4590501644   18.1603923786    6.0776414933    3.7476422381    0.0076577196
   20.4585617967   18.1599013848    6.0776061182    3.7475816913    0.0076593280
   20.4581560803   18.1594892058    6.0775819595    3.7475308639    0.0076606069
   20.4578253336   18.1591491535    6.0775671968    3.7474889310    0.0076615954
   20.4575628351   18.1588749072    6.0775608096    3.7474551130    0.0076623216
   20.4573511486   18.1586497742    6.0775605084    3.7474273513    0.0076628541
   20.4571941726   18.1584785276    6.0775655377    3.7474062346    0.0076631914
   20.4570685049   18.1583377747    6.0775740324    3.7473888781    0.0076634125
   20.4569847325   18.1582391221    6.0775855861    3.7473767131    0.0076634954
   20.4569409354   18.1581816703    6.0775988018    3.7473696286    0.0076634601
   20.4569189552   18.1581458412    6.0776139779    3.7473652106    0.0076633488
   20.4569137247   18.1581274556    6.0776296289    3.7473629435    0.0076631904
   20.4569230521   18.1581238669    6.0776461363    3.7473625010    0.0076629862
   20.4569469131   18.1581362037    6.0776620908    3.7473640222    0.0076627518
   20.4569841871   18.1581642964    6.0776762434    3.7473674863    0.0076625036
   20.4570363421   18.1582096189    6.0776887036    3.7473730750    0.0076622367
   20.4570987470   18.1582673855    6.0776992942    3.7473801983    0.0076619647
   20.4571709827   18.1583374497    6.0777076483    3.7473888379    0.0076616927
   20.4572440832   18.1584109642    6.0777129138    3.7473979031    0.0076614523
   20.4573216806   18.1584920675    6.0777147593    3.7474079041    0.0076612381
   20.4574140421   18.1585926549    6.0777120072    3.7474203076    0.0076610374
   20.4582971658   18.1591474383    6.0781830058    3.7474887394    0.0076536707
